Polygon_A:  3.63329 3.41288 3.46047 3.68996 2.98521 3.05726 3.37148 2.85339
Polygon_B:  5.93679 3.57189 0.0831959 -2.34822 2.14731 2.95976 1.46312 6.68868
